R1S01F1    0.122    0.000    0.007
R1S01F2    0.142    0.001   -0.050
R1S01F3   -0.265   -0.002    0.043
R1S02F1    0.187   -0.136    0.004
R1S02F2    0.203   -0.147   -0.028
R1S02F3   -0.390    0.283    0.023
R1S03F1    0.081   -0.249    0.043
R1S03F2    0.084   -0.258   -0.026
R1S03F3   -0.167    0.508   -0.016
R1S04F1   -0.071   -0.221    0.017
R1S04F2   -0.091   -0.283   -0.044
R1S04F3    0.163    0.505    0.027
R1S05F1   -0.161   -0.117    0.027
R1S05F2   -0.185   -0.135   -0.040
R1S05F3    0.345    0.253    0.013
R1S06F1   -0.101   -0.001    0.054
R1S06F2   -0.111   -0.001   -0.019
R1S06F3    0.212    0.000   -0.034
R1S07F1   -0.080    0.058    0.052
R1S07F2    0.053   -0.040    0.001
R1S07F3    0.026   -0.019   -0.052
R1S08F1    0.000   -0.001    0.064
R1S08F2    0.006   -0.019   -0.046
R1S08F3   -0.007    0.020   -0.018
R1S09F1    0.026    0.003   -0.027
R1S09F2    0.060   -0.023    0.064
R1S09F3   -0.087    0.020   -0.038
R1S10F1    0.060    0.043    0.021
R1S10F2    0.066    0.047    0.017
R1S10F3   -0.125   -0.091   -0.037
R2S01F1    0.089    0.001   -0.026
R2S01F2    0.099    0.001    0.027
R2S01F3   -0.188   -0.000   -0.000
R2S02F1    0.095    0.020   -0.055
R2S02F2    0.066   -0.003    0.002
R2S02F3   -0.161   -0.017    0.053
R2S03F1    0.070   -0.026   -0.020
R2S03F2   -0.007    0.012   -0.070
R2S03F3   -0.063    0.012    0.090
R2S04F1    0.053   -0.027   -0.003
R2S04F2    0.013   -0.059   -0.053
R2S04F3   -0.065    0.087    0.057
R2S05F1    0.021   -0.104    0.070
R2S05F2   -0.013   -0.132   -0.051
R2S05F3   -0.008    0.235   -0.020
R2S06F1   -0.003   -0.081   -0.001
R2S06F2   -0.030   -0.057    0.015
R2S06F3    0.035    0.137   -0.013
R2S07F1   -0.062   -0.030    0.041
R2S07F2   -0.083   -0.040   -0.038
R2S07F3    0.145    0.071   -0.004
R2S08F1   -0.028    0.000    0.064
R2S08F2   -0.078    0.000   -0.019
R2S08F3    0.105    0.000   -0.044
R2S09F1   -0.055    0.026   -0.031
R2S09F2   -0.101    0.048    0.052
R2S09F3    0.157   -0.075   -0.022
R2S10F1    0.011   -0.100   -0.009
R2S10F2   -0.053    0.032    0.001
R2S10F3    0.040    0.070    0.009
R2S11F1   -0.038   -0.002   -0.019
R2S11F2   -0.008    0.040    0.020
R2S11F3    0.047   -0.038   -0.001
R2S12F1    0.004    0.062    0.011
R2S12F2    0.038    0.100   -0.049
R2S12F3   -0.041   -0.160    0.039
R2S13F1    0.052    0.085   -0.025
R2S13F2    0.088    0.071    0.009
R2S13F3   -0.140   -0.155    0.015
R2S14F1    0.058    0.028   -0.067
R2S14F2    0.104    0.050    0.071
R2S14F3   -0.162   -0.078   -0.004
R3S01F1   -0.012   -0.000    0.050
R3S01F2   -0.011   -0.000   -0.057
R3S01F3    0.022    0.000    0.006
R3S02F1    0.065    0.017   -0.028
R3S02F2    0.044   -0.021    0.008
R3S02F3   -0.110    0.005    0.020
R3S03F1    0.046    0.005    0.010
R3S03F2    0.024   -0.031   -0.021
R3S03F3   -0.069    0.026    0.010
R3S04F1    0.062   -0.006    0.057
R3S04F2    0.035   -0.053   -0.043
R3S04F3   -0.098    0.060   -0.013
R3S05F1    0.013   -0.072    0.047
R3S05F2    0.010   -0.054   -0.033
R3S05F3   -0.022    0.124   -0.013
R3S06F1   -0.005   -0.023    0.054
R3S06F2   -0.016   -0.086   -0.057
R3S06F3    0.019    0.110    0.003
R3S07F1   -0.016   -0.028    0.001
R3S07F2   -0.010   -0.018    0.049
R3S07F3    0.027    0.047   -0.050
R3S08F1    0.007    0.005    0.023
R3S08F2   -0.007   -0.007    0.007
R3S08F3    0.001    0.000   -0.031
R3S09F1   -0.002   -0.001    0.049
R3S09F2   -0.037   -0.014   -0.011
R3S09F3    0.040    0.014   -0.037
R3S10F1    0.006    0.000    0.084
R3S10F2   -0.024    0.000   -0.009
R3S10F3    0.019    0.000   -0.074
R3S11F1   -0.008    0.002    0.126
R3S11F2   -0.004    0.001   -0.041
R3S11F3    0.011   -0.004   -0.084
R3S12F1    0.032   -0.026    0.017
R3S12F2    0.018   -0.015    0.028
R3S12F3   -0.050    0.042   -0.045
R3S13F1    0.049   -0.086    0.127
R3S13F2   -0.015    0.024   -0.073
R3S13F3   -0.035    0.060   -0.055
R3S14F1   -0.074    0.044    0.041
R3S14F2   -0.046    0.056   -0.019
R3S14F3    0.121   -0.099   -0.021
R3S15F1   -0.000   -0.005   -0.050
R3S15F2    0.005    0.029    0.071
R3S15F3   -0.004   -0.025   -0.021
R3S16F1   -0.031   -0.001   -0.054
R3S16F2    0.015    0.013    0.028
R3S16F3    0.015   -0.011    0.025
R3S17F1   -0.002   -0.001   -0.059
R3S17F2   -0.013   -0.011    0.057
R3S17F3    0.014    0.011    0.003
R3S18F1    0.007    0.002    0.032
R3S18F2    0.054    0.020   -0.028
R3S18F3   -0.061   -0.022   -0.004
R4S01F1   -0.048    0.001    0.027
R4S01F2   -0.018    0.001   -0.020
R4S01F3    0.066   -0.002   -0.008
R4S02F1   -0.083    0.021   -0.031
R4S02F2   -0.061    0.015    0.025
R4S02F3    0.145   -0.038    0.006
R4S03F1   -0.037    0.022    0.005
R4S03F2   -0.085    0.050   -0.028
R4S03F3    0.121   -0.071    0.023
R4S04F1   -0.050    0.051    0.034
R4S04F2   -0.069    0.069   -0.027
R4S04F3    0.120   -0.120   -0.006
R4S05F1   -0.035    0.062    0.013
R4S05F2   -0.033    0.058   -0.036
R4S05F3    0.069   -0.120    0.023
R4S06F1   -0.021    0.082    0.006
R4S06F2   -0.022    0.085   -0.023
R4S06F3    0.044   -0.166    0.017
R4S07F1   -0.102    0.054    0.010
R4S07F2   -0.066    0.084   -0.030
R4S07F3    0.169   -0.137    0.020
R4S08F1   -0.075    0.052    0.017
R4S08F2   -0.068    0.048   -0.024
R4S08F3    0.141   -0.101    0.007
R4S09F1   -0.045    0.022   -0.052
R4S09F2   -0.021    0.008    0.045
R4S09F3    0.066   -0.030    0.007
R4S10F1   -0.017    0.034    0.019
R4S10F2   -0.002    0.015   -0.006
R4S10F3    0.020   -0.048   -0.014
R4S11F1   -0.051    0.014   -0.036
R4S11F2   -0.009   -0.010    0.056
R4S11F3    0.059   -0.005   -0.021
R4S12F1   -0.021    0.032    0.049
R4S12F2   -0.033   -0.007   -0.031
R4S12F3    0.054   -0.025   -0.017
R4S13F1   -0.071   -0.000   -0.023
R4S13F2   -0.071   -0.000    0.043
R4S13F3    0.142   -0.001   -0.021
R4S14F1   -0.053    0.077    0.038
R4S14F2   -0.057    0.040    0.033
R4S14F3    0.109   -0.117   -0.071
R4S15F1   -0.088    0.051    0.013
R4S15F2   -0.078    0.045   -0.045
R4S15F3    0.166   -0.097    0.032
R4S16F1   -0.052    0.052    0.084
R4S16F2   -0.099    0.099   -0.075
R4S16F3    0.152   -0.152   -0.008
R4S17F1   -0.044    0.075   -0.112
R4S17F2   -0.085    0.147    0.148
R4S17F3    0.127   -0.222   -0.035
R4S18F1   -0.042    0.160   -0.002
R4S18F2   -0.034    0.127   -0.013
R4S18F3    0.077   -0.286    0.015
R4S19F1   -0.073    0.150    0.041
R4S19F2   -0.109    0.170    0.010
R4S19F3    0.183   -0.321   -0.052
R4S20F1   -0.071    0.158    0.020
R4S20F2   -0.088    0.182    0.041
R4S20F3    0.161   -0.341   -0.062
R4S21F1   -0.061    0.149    0.019
R4S21F2   -0.055    0.203   -0.008
R4S21F3    0.116   -0.351   -0.012
R4S22F1    0.059    0.057    0.011
R4S22F2    0.070    0.068    0.006
R4S22F3   -0.128   -0.127   -0.018
R4S23F1   -0.028    0.147    0.053
R4S23F2   -0.040    0.171   -0.039
R4S23F3    0.069   -0.317   -0.014
R4S24F1    0.002    0.155    0.045
R4S24F2   -0.026    0.174   -0.044
R4S24F3    0.024   -0.330   -0.001
